# formation.dat
# T X Y Z 
 0 2052 2390 0
 75 2052 2390 0
 150 2052 2390 0
 225 2052 2390 0
 300 2052 2390 0
 375 2052 2390 0
 450 2052 2390 0
 525 2052 2390 0
 600 2052 2390 0
 675 2052 2390 0
 750 2052 2390 0
 825 2052 2390 0
 900 2052 2390 0
 975 2052 2390 0
 1050 2052 2390 0
 1125 2052 2390 0
 1200 2052 2390 0
 1275 2052 2390 0
 1350 2052 2390 0
 1425 2052 2390 0
 1500 2052 2390 0
 1575 2052 2390 0
 1650 2052 2390 0
 1725 2052 2390 0
 1875 2059 2374 0
 1950 2066 2358 0
 2025 2073 2342 0
 2100 2073 2342 0
 2175 2081 2326 0
 2250 2089 2310 0
 2325 2097 2294 0
 2400 2105 2278 0
 2475 2113 2262 0
 2550 2121 2246 0
 2625 2129 2230 0
 2700 2137 2214 0
 2775 2145 2198 0
 2850 2153 2182 0
 2925 2153 2182 0
 3000 2153 2182 0
 3075 2160 2165 0
 3150 2167 2148 0
 3225 2174 2131 0
 3300 2181 2114 0
 3375 2188 2097 0
 3450 2195 2080 0
 3525 2202 2063 0
 3600 2209 2046 0
 3675 2209 2046 0
 3750 2209 2046 0
 3825 2209 2046 0
 3900 2209 2046 0
 3975 2209 2046 0
 4050 2209 2046 0
 4125 2209 2046 0
 4200 2209 2046 0
 4275 2209 2046 0
 4350 2209 2046 0
 4425 2209 2046 0
 4500 2209 2046 0
 4575 2209 2046 0
 4650 2209 2046 0
 4725 2209 2046 0
 4800 2209 2046 0
 4875 2209 2046 0
 4950 2209 2046 0
 5025 2192 2040 0
 5100 2175 2034 0
 5175 2158 2028 0
 5250 2141 2022 0
 5325 2141 2022 0
 5400 2141 2022 0
 5475 2141 2022 0
 5550 2141 2022 0
 5625 2141 2022 0
 5700 2141 2022 0
 5775 2141 2022 0
 5850 2141 2022 0
 5925 2141 2022 0
 6000 2141 2022 0
 6075 2141 2022 0
 6150 2141 2022 0
 6225 2141 2022 0
 6300 2141 2022 0
 6375 2141 2022 0
 6450 2141 2022 0
 6525 2141 2022 0
 6600 2141 2022 0
 6675 2141 2022 0
 6750 2141 2022 0
 6825 2141 2022 0
 6900 2128 2015 0
 6975 2115 2008 0
 7050 2103 2001 0
 7125 2091 1994 0
 7200 2079 1987 0
 7275 2067 1979 0
 7350 2055 1971 0
 7425 2043 1963 0
 7500 2031 1955 0
 7575 2019 1947 0
 7650 2007 1939 0
 7725 1995 1931 0
 7800 1983 1923 0
 7875 1971 1915 0
 7950 1959 1908 0
 8025 1947 1901 0
 8100 1934 1894 0
 8175 1921 1888 0
 8250 1908 1882 0
 8325 1895 1876 0
 8475 1882 1871 0
 8550 1882 1871 0
 8625 1882 1871 0
 8700 1882 1871 0
 8775 1882 1871 0
 8850 1882 1871 0
 8925 1864 1872 0
 9000 1846 1873 0
 9075 1828 1874 0
 9150 1810 1875 0
 9225 1792 1876 0
 9300 1792 1876 0
 9375 1774 1876 0
 9450 1756 1876 0
 9525 1738 1876 0
 9600 1720 1876 0
 9675 1702 1876 0
 9750 1684 1876 0
 9825 1666 1876 0
 9900 1648 1876 0
 9975 1630 1876 0
 10050 1612 1876 0
 10125 1612 1876 0
 10200 1612 1876 0
 10275 1594 1877 0
 10350 1576 1878 0
 10425 1558 1879 0
 10500 1540 1880 0
 10575 1522 1881 0
 10650 1504 1882 0
 10725 1487 1883 0
 10800 1470 1884 0
 10875 1456 1885 0
 10950 1442 1887 0
 11025 1428 1890 0
 11100 1414 1894 0
 11175 1400 1899 0
 11250 1387 1905 0
 11325 1374 1911 0
 11475 1362 1918 0
 11550 1362 1918 0
 11625 1362 1918 0
 11700 1362 1918 0
 11775 1362 1918 0
 11850 1362 1918 0
 11925 1362 1918 0
 12000 1362 1918 0
 12075 1362 1918 0
 12150 1362 1918 0
 12225 1362 1918 0
 12300 1362 1918 0
 12375 1362 1918 0
 12450 1362 1918 0
 12525 1362 1918 0
 12600 1362 1918 0
 12675 1362 1918 0
 12750 1362 1918 0
 12825 1362 1918 0
 12900 1362 1918 0
 12975 1362 1918 0
 13050 1362 1918 0
 13125 1362 1918 0
 13200 1376 1920 0
 13275 1390 1922 0
 13350 1404 1923 0
 13425 1418 1924 0
 13575 1445 1925 0
 13650 1458 1925 0
 13725 1471 1925 0
 13800 1484 1925 0
 13875 1497 1925 0
 13950 1510 1925 0
 14025 1523 1925 0
 14100 1523 1925 0
 14175 1523 1925 0
 14250 1523 1925 0
 14325 1523 1925 0
 14400 1523 1925 0
 14475 1523 1925 0
 14550 1523 1925 0
 14625 1523 1925 0
 14700 1523 1925 0
 14775 1523 1925 0
 14850 1523 1925 0
 14925 1523 1925 0
 15000 1523 1925 0
 15075 1523 1925 0
 15150 1523 1925 0
 15225 1523 1925 0
 15300 1523 1925 0
 15375 1523 1925 0
 15450 1523 1925 0
 15525 1523 1925 0
 15600 1523 1925 0
 15675 1523 1925 0
 15750 1523 1925 0
 15825 1523 1925 0
 15900 1505 1925 0
 15975 1487 1925 0
 16050 1469 1925 0
 16125 1451 1925 0
 16200 1433 1925 0
 16275 1415 1925 0
 16350 1398 1925 0
 16425 1381 1925 0
 16575 1351 1925 0
 16650 1335 1925 0
 16725 1319 1925 0
 16875 1287 1925 0
 16950 1271 1925 0
 17025 1255 1925 0
 17100 1240 1925 0
 17175 1225 1925 0
 17250 1210 1925 0
 17325 1210 1925 0
 17400 1210 1925 0
 17475 1210 1925 0
 17550 1210 1925 0
 17625 1210 1925 0
 17700 1210 1925 0
 17775 1210 1925 0
 17850 1210 1925 0
 17925 1210 1925 0
 18000 1210 1925 0
 18075 1210 1925 0
 18150 1210 1925 0
 18225 1210 1925 0
 18300 1210 1925 0
 18375 1207 1939 0
 18450 1207 1939 0
 18525 1207 1939 0
 18675 1207 1939 0
 18750 1207 1939 0
 18825 1207 1939 0
 18900 1207 1939 0
 18975 1207 1939 0
 19050 1207 1939 0
 19125 1207 1939 0
 19200 1207 1939 0
 19275 1207 1939 0
 19350 1207 1939 0
 19425 1207 1939 0
 19500 1207 1939 0
 19575 1207 1939 0
 19650 1207 1939 0
 19725 1207 1939 0
 19875 1176 1939 0
 19950 1159 1939 0
 20025 1142 1939 0
 20100 1125 1939 0
 20175 1108 1939 0
 20250 1091 1939 0
